-5.70580872611787 -0.252068979329754 -0.0256849717987604 0.869340268085316 -0.104935568966874 2.20166457557147 0.349913942327444 -0.414588275698495 0.646034600111079 0.862470659140096 0.576240596651264
-5.80772998907064 -0.404165435170637 0.112206280255977 -0.0566983603155148 0.129012024252256 0.0446650358723808 0.542091588685425 -0.672736736143947 0.301299851847998 0.597172566990553 0.308062557686361
-5.70969230334334 -0.136557813109422 -0.204295276485571 -1.20673134904887 -0.109637574411285 -0.128370778706986 0.0980299251389656 0.706407256178189 0.810106970919081 0.254085137827184 -0.0351931600267747
-5.69370076629482 2.50746407642498 -0.304945829472819 0.527469837296129 -0.914640163409909 -0.51566192018046 -1.50676653051932 0.344774700219776 0.950695362809156 1.77385152120672 1.95374802123136
-5.7236863490777 0.307697274549282 -0.095463225765492 0.528290066999195 -1.36553744310342 -0.635464842123397 -6.33830448481229 2.71598367235456 -1.00590486486118 0.184167613121242 0.902391080849708
-6.00207989103334 -0.175629299716202 -0.0543499369282765 0.0375797327552366 -0.76744760307795 -0.225080185183612 -0.816234179934855 0.670456589312439 -0.0626848633729746 0.0934192803194832 -0.890129562790883
-5.90327676235739 1.09609897642669 -0.0378088584368435 0.354763167490435 -0.357937104017467 0.596870945699474 -2.55387922768188 0.202499494151395 0.0267944239792753 2.28727359799555 2.30488901958218
-5.9615194117357 -0.565430674745294 -0.220458905946062 0.0702320991853579 0.571521150656739 0.390717845586903 0.383567559358831 0.408509046783572 0.440705229201525 0.490621672233509 -0.0561307118963461
-7.20683404776953 -0.554627256491173 0.123188685140756 -0.169132286954762 -0.475230781256174 -0.169325233038188 0.324456231584173 0.211522688146297 0.161889194102125 0.485906562898413 0.0207027663319722
-7.1662203551742 1.43609191035021 -0.715517896696322 11.787741403334 -7.56034286266347 -4.91880485720084 -2.71120187678968 -10.4255577094805 0.931686452209113 -1.06652866330366 -1.9917944071922
-7.0758970458663 -0.261735350356073 -0.223150596197464 -0.18859315467904 0.055927831876869 0.196472763341094 0.389364375001919 -0.120452895132819 -0.0445413226554684 0.0879358147595076 0.0991140947041148
-7.00146504013986 -0.226851472722434 0.0175003908856798 -0.273412190137632 -0.204918944944905 0.262931548986274 0.223628120988311 0.131887867566079 0.375034594683191 0.229636586544195 -0.186650865296983
-6.28826486469229 1.52411167714066 -0.620389532573243 0.639325855889793 -1.08581084742083 -0.836996184212461 -4.33630106239366 1.30244766584366 0.715797952606066 1.6064465945059 2.81510391591483
-6.40889333549775 -0.234387448281689 0.065787425343325 0.550587426583918 -0.155441063138323 0.0616274448805071 -0.334896615185762 0.00564585423261026 1.22056920534058 -0.257252267499205 0.301670964498805
-6.37424412864678 -0.120538983879008 0.0347959678705458 0.194402311117179 0.107036775045852 0.0917090335622768 0.304333245312135 -0.310923741486276 0.137111010558634 0.612914510095376 0.289034818150458
-6.11933337379185 -0.556198443377609 -0.080188114941793 0.0853153786145614 -0.183704182800174 -0.17719906294132 0.0545838345137211 0.40371309694459 -0.0706356391887838 0.069695903743002 -0.23266220319827
-6.57409413263261 3.27598706892068 -0.530554224034743 0.536196775464198 -1.27310188558047 -0.420735475583986 -4.11202105991028 1.4666030409139 1.02459290654459 1.94593026605967 3.04980179590367
-6.55142509446611 2.09549212730556 -0.874368100155763 0.221378116319268 -1.3740494201573 0.399498483669481 -5.40265028529544 1.95101990390975 0.746045633554302 2.06046196364035 2.96030427274774
-6.50181428412604 1.25394767486485 -1.63037861200457 -1.1227732935713 -0.876610190445272 0.731358193822816 -9.89372518771516 2.38173107760832 0.937967471006818 1.63127599353526 3.30426227484183
-6.02973812493557 1.14258977334003 0.561093503456206 0.410683449196322 0.0631225370955591 0.887887560533252 0.857725436369006 -1.10689238589365 1.27543717459948 0.727839431921112 0.254395283043124
-6.02535065062713 -0.74698710536018 -0.0588794454938998 0.0241103171346924 0.0452061609326842 -0.0168364507999896 -0.0122176172935525 -0.0340603914098251 0.152045405982915 0.170841367688214 0.172244295836873
-5.95823559490996 -0.135224304599047 0.1942757365182 0.283213987732341 0.035132989910185 -0.121464079381106 0.206934775552683 -0.00718024435421433 -0.0972176159437342 0.227940077188669 0.085004007233399
-5.84501164788831 -0.18891980516451 0.0882760859844551 0.305209828500235 -0.0144896706655547 -0.00190488846242907 0.342708714013792 -0.0209747401902927 0.169243404645926 0.284095220419251 0.227303406876678
-5.86505429975909 -0.882352175648876 -0.123493216237694 -0.282171845741796 -0.474905501691126 0.135959359013637 -0.748073812184167 0.564231236740532 -0.12727049963922 -0.551209515188441 -1.31351706595096
-5.4114728508552 -1.61771720299699 -0.540324752188098 -0.0811666422418829 -0.319738220810399 -0.620637261804247 -0.554609867217284 0.229263933951119 -0.139681204940707 1.03403784042895 -0.627034711890024
-5.4090076155912 -0.60944619226439 0.317820817192702 0.629263401149244 -0.216430248437457 -0.396334853203227 -0.499478221600418 0.25195412249929 -0.43987621467988 0.38245498778995 -0.163398110629491
-5.70609103733764 0.285416636735622 -0.0935955420488107 0.682300779236816 -0.359725500941599 -0.380013673235751 -0.992777243072228 2.07930298139678 -0.557916552202204 0.672361487714669 0.439591239262725
-5.74016838566058 -0.0822266601102714 0.376406522527389 0.0975681680097696 -0.759571822710471 0.245348394613019 0.674173713869057 -0.286546311998773 -0.151513513307329 0.816231077356689 0.375231174691509
-5.75153656573477 1.45941596483118 -1.78377585887427 0.705574216493904 0.459731582733541 -0.284815634264092 1.23163522584111 0.831705306436045 -1.98994101090641 -0.224661217480233 0.668657005167098
-5.73866247036941 -0.521724708466405 0.981038665187529 -0.182074149774693 -0.812954499716749 -1.16009317379442 0.35452182183112 1.26610222482623 0.0721575128512447 -0.0884083411476567 -0.197813528513531
-5.71560437881057 2.66619843652726 -1.53060693766613 0.416404014062316 1.56317401035054 0.277693168825264 1.19745246024257 0.125750508159286 -1.14992364426967 -0.304351437195393 0.999380964037766
-5.75535486061776 0.439000022361617 -3.96846830729757 1.18668860522244 2.06568562621407 -0.0159191533108331 -0.540688100747421 0.530382880421037 -1.25850384929868 -1.98788245915865 1.07733934745719
-5.66821592985118 -0.45048287598608 -0.813150605129361 -0.0148808118137188 0.0870465973715599 -0.264958544487428 -0.307644219906527 0.436743476252968 -0.297105083459214 -0.10339485132063 0.0969188996105561
-4.57792376397601 -0.428099375918493 -0.00710503898653576 0.353676232038161 -0.116832958003654 -0.0457728537449701 0.629798282143185 -0.135318152534139 0.588464940950558 0.673538305443822 -0.0718919746164926
-4.62159422514629 -0.589387853118181 0.27204034873705 -0.223758186810023 0.158226255383937 -0.16920830673215 -0.0778876320239279 0.334862122105643 -0.148921137001731 0.41336925651743 0.0284670336246356
-4.6325411772344 2.55290473846987 1.99867800330255 -0.212958866572262 -9.35952977512515 1.75117652284925 2.35103964297427 3.46307311476298 -9.61722553250121 -3.02172329375626 4.2635754140541
-5.44626462742748 -0.243619688083349 0.315368226133485 -0.00196627267014986 -0.172931526865658 -0.053362624031328 0.226536064951759 -0.231394609660105 -0.117628236961747 0.222086731996419 0.534255488356153
-5.54948700531145 -0.342013218760697 0.0696620075422821 0.405056431789896 -0.245326293634258 -0.211003590031011 -0.271178163116197 0.394493757575405 0.27822865116466 -0.263636033481055 -0.380534414467173
-5.52835261112009 -0.322959169969503 -0.135438711019757 0.301078522969744 0.197967193721804 -0.0526610323683425 -0.378621304146768 0.22953330024546 0.127375497107476 -0.162752647817236 0.107232954516683
-5.57744704850649 2.0003960603691 -4.29267465732155 1.89773982965231 3.91258180128115 -0.196084423100282 1.09850878534403 -0.389059692986324 -2.11732525256993 -1.62087781732853 1.70232471643018
-5.84026908678644 0.0432169268555351 0.106600884194122 -0.119194785531136 -0.378874861255785 0.355746163592834 0.675618858114921 -0.376240878250503 -0.134231914697961 -0.108768912955935 0.420891778128261
-6.02298947691222 -0.631568413633086 -0.951010717336292 1.07788519214451 -0.141177676863117 -1.73016237283929 -1.13094720299786 -0.46012816929479 -0.641385926272937 -1.01029788112314 0.617330706753251
-5.30684078792092 -0.705216472997353 -0.376895805499074 -0.579070205104259 0.93088083481837 0.562699732214904 -0.2730735854152 -0.510560474534322 0.222469446085282 0.549576059461326 0.313699228201569
-5.41288547562345 2.35182742293621 -3.65771335130072 1.61138393842415 3.50108917465706 0.399667013895885 1.11131138926136 -0.370503161607548 -2.13967911535289 -1.47777427015078 1.38731322171579
-5.456790139846 3.50867149880825 -3.55625184064885 1.53078083140582 3.10338184963244 -0.600064559526576 1.14244237424383 -0.0243018361247643 -1.90631640042523 -1.25923693282916 2.07152232861951
-5.47797479528472 -0.700006488264586 0.587826150825343 -0.367687939696877 -1.00021846590736 0.0733865000428846 1.309843820063 -1.3681038214041 -0.685330802151129 -0.110054764296653 -0.0121572135764401
-6.47796380420524 2.6768333833551 -5.32786248485808 1.42536221989029 4.26215832737991 -0.280136139943987 0.633688710302658 -0.529599043305645 -1.29241907776706 -1.39272198345211 1.47044924112271
-6.51165723852486 1.3833137451435 -5.91026403450213 1.93363020413133 3.30052517888274 -1.12760022965927 -1.17441308892953 0.526335064034127 -1.75044452228204 -1.70650833864026 1.35949005439013
-6.16060582662951 -0.429031272496329 -0.108532570006336 -0.0886612342462652 -0.140776875600454 0.197332373866698 0.14915637307646 0.0301497894490682 0.0140630778676861 -0.390960880227818 0.129139464548567
-6.18727409931788 -0.105919722308653 0.0447248292662369 0.135418410580065 0.349951983840532 -0.0971083029843939 -0.0784038208872065 0.223568020744857 -0.681331658729754 0.038373104333728 -0.0266250774470853
-6.11348755877214 2.54410273634068 1.30492559707562 0.0613341285945322 0.838455206125008 0.32287956103466 0.152375203915781 -2.27031636161173 1.89780838554101 1.03890629932319 1.25686639142806
-4.92735274806377 -0.619613842998455 0.0153482618248694 -0.0791860682861302 -0.292511590481672 0.126629440700214 0.579072494990938 -0.23131537597194 -0.0743459879796215 0.0141200593355707 0.173592102130879
-4.97301615123381 0.0803041738217587 0.188814767627136 -0.0738041773858625 -0.155424202322877 0.23864578080511 0.548646506852106 -0.0873745272975214 -0.0764568284571539 -0.231014230907406 0.303398863693521
-4.97376994879914 0.0394815250313224 0.336078733214635 -0.163581371836339 -0.493531972255502 0.175676736723541 0.567589836886305 -0.481214786889001 -0.305960151295637 0.226660838996377 0.123532985169916
-4.96476094822487 -0.953792311575836 -0.264474063739228 -0.286093973022682 0.562857375873243 0.270011348237331 0.20130725861224 -0.243568540957267 0.473280564110639 0.225544509124606 -0.161262311773438
-6.24668510868976 -0.204942112959803 -0.0760568119358988 0.0396342221218003 0.1807193407905 0.0668231211591496 0.110825829674351 -0.166831806843234 0.0953139300670657 0.152027814254074 0.034812009981938
-6.15998308537826 0.741871583193111 0.962421712183702 0.45567017260156 -0.179295376186215 0.560654834136997 1.24833019308113 -0.661436764775982 0.495069883865325 0.630183803685845 1.93997033176565
-6.10695531202554 0.186827704147913 -0.195018218540047 -0.261810942338835 -0.282613595686795 0.280966221266166 0.537643584498258 -0.408733947679731 0.206723105508977 0.347899710330467 1.08856911544894
-5.53254006558952 0.00347201550896836 -0.393424054062296 -0.348952876708682 -0.930475011812073 0.154310965236899 0.897021805946111 -0.588914081741502 -0.110341222095631 0.847541163423972 0.240059532457528
-5.65247633535115 2.6643555111086 1.27459303669723 -0.228620858062378 0.5321091348553 -2.01892325396149 0.0883286392485109 -0.564149858846487 -0.513518603180085 0.818547555289943 -0.830766285956565
-5.68913073750584 0.77890078341464 3.16250378705108 -0.443980119932941 1.14085576674141 -4.06751816380493 -1.19325449283531 0.762066727170522 -0.400700887171563 0.789922752620322 -1.38336549206029
-5.69879941076713 -0.190672381498274 0.172790833363128 -0.122406069917446 0.265252545966764 -0.921460471021132 0.249168931212331 0.591025457870252 -0.284482680344849 -0.0173153324754602 -0.0595011282828661
-5.58008708479555 0.298013798191798 0.268185550937446 -0.144631993175644 -0.621553885868895 0.0135510663029826 -0.186793924846788 0.642211248645113 0.423041220664478 0.809226696345066 -0.332294183617618
-5.55478479159838 -0.519148443823206 -0.0371598277930269 0.10603864537462 -0.021159231266514 0.0848164159449468 0.239197607560008 -0.0715390928706864 0.364499128119758 0.295719037252177 0.252178775633821
-5.60540491317174 0.0321694456580479 6.44322931676649 -0.489256680695713 2.07027789077669 -4.52573107528068 1.0151182953038 -1.26238511274577 1.9458997779991 -11.323805716096 7.07489351371566
-5.67646024935915 -0.359532517057315 -0.0622848524619136 0.392316463019729 -0.190497560884204 -0.0187157727859436 1.12570471141734 -1.8619568328397 1.1718896869232 0.567270740937846 0.47868600882498
-5.37940899080895 -0.245597769762289 0.00021910158868131 0.0680447938730552 0.143324165695136 -0.330741361798605 0.308902775312537 0.524195760104695 -0.293180780333734 0.0462574591341509 0.427570707673686
-5.40334327152759 -0.772846146282837 0.219367448817464 0.145530337439015 0.333738040269899 -0.336798420781148 0.0456964920018352 -0.135258752821438 -0.0266542029793915 -0.103523987525179 0.116675845196157
-5.39873235373878 2.13010143081621 2.62806976093615 -0.491522177629852 2.38985232263557 -3.3214590870775 -0.897145812600309 -0.621107460869213 -1.80986226228894 1.25435849488166 -2.00158014455294
-5.42541782488623 -0.0549418762422693 -0.283322654570762 -0.0556471523960163 -0.247012701101247 0.0399698544186573 0.516856237012301 -0.127462462544092 -0.0282370532830871 0.0964454525777989 0.44054657419925
-5.03421338549617 0.454551475113367 -0.0839781335987635 0.268250814553502 0.00516997399411881 -0.638241786660527 0.729344158754754 -0.400650947857957 0.202697843670318 0.336133949632797 0.252121299393138
-5.99500520785601 0.701801074480729 0.641358746027522 0.327663268425836 0.35917796600461 -0.23709768032078 0.995406934221426 0.373460395526804 -0.998495508616226 1.51631192821969 0.205870190730794
-5.99801354505786 2.54559225615694 2.44863590235368 -0.450193946936256 1.84482371135224 -2.91538677814588 -0.517719882952885 -0.741771473005368 -1.80075573398324 1.61697139921483 -1.80235261758681
-5.93914082379471 4.24146761809079 3.56670961183077 -0.142477747436353 2.22085294000588 -3.05849732749182 -0.146520707793494 -0.611577205317467 -1.59720929347349 1.21419420581937 -1.53213119029935
-5.90561828193093 -0.497506530884779 -0.414837593380706 0.379060956109741 0.216918619139399 -0.348066862609472 -0.351824042439592 -0.477438433650772 0.513022013286088 -0.0523462305696548 0.428258425110352
-5.90253248248699 -0.691529887087278 0.127998932602118 -0.0280040744877728 0.0722466102508291 -0.0587508006515693 0.0526896237686563 0.0205269933916294 -0.169579055272682 -0.0280472949781009 0.0410339318849557
-5.95633333843711 2.40449315547101 3.01443147781617 -0.663067667980646 3.12797403754702 -3.48555031668304 -1.01675157833388 -0.700884797562067 -1.5129998852683 0.633629825321954 -1.00442506614268
-6.52761960285744 2.74774389135067 5.30273480471811 -0.213473782989052 5.30641382120812 -5.78700565663139 -2.34663732359137 0.952317125270679 -2.22962695055884 1.1059185648677 -1.59744912733101
-6.4976496215644 -0.534968377399703 0.0210737802679805 -0.0543388667120474 -0.0329967572602759 -0.0293419122445195 0.278128889576183 -0.126196142701231 -0.0485020964824963 -0.132775862795759 0.0204988045484898
-6.50797228354372 -1.79607867311487 -1.83700433497494 0.488923029024675 2.28304082966806 -0.530020316807003 -1.63145227568065 -0.48982299143083 1.67052812767002 -0.918204769999487 -0.479060508731229
-6.38946935260484 2.30388542001972 0.770053266363264 0.705789778437662 -2.77952888708819 1.83695149662081 2.54612532517836 -0.665223748092588 0.5916675464635 0.460618300211094 1.03630514736136
-6.41988103463325 -0.563404918045782 -0.0430638189808924 -0.142103085248061 -0.205021065224235 -0.18300150565569 0.183571624261905 0.0337339278275723 -0.274219270684773 -0.0050999801828058 0.321871262221232
-6.37460315674047 -0.0549179579208557 -0.486406078989562 -0.251019356744142 -0.406074113407722 0.141428018712866 0.306528487916682 -0.361910920918202 0.285067767378408 0.00214997851073499 0.274980787371787
-6.05207309405362 -0.310747389736207 -0.2844831758093 -0.175119939625347 -0.148393557952256 -0.0338993602381297 0.465414127309318 0.0707379052220956 0.0498980201150678 -0.119802108720022 0.283555332590249
-5.95898264265473 -1.30802508589604 -0.285591208892959 0.270228712295631 1.01773096363254 -0.771551450332323 -0.677615094219637 -0.575632813982524 -1.14213331111688 0.706557930697001 0.251015550890202
-5.9154977037264 -1.33763475199181 -0.44615222507382 0.247582269475533 0.841628606661855 0.29667393382759 -0.781437956398761 -0.618559774497636 0.206775328947493 -0.53561971413709 -0.563113439879638
-5.94063379967878 -0.603471105825484 0.197501500097081 0.118975101306413 -0.237354753519074 -0.115277107997663 0.0493281740188229 0.214518373716325 -0.213913134375417 -0.17307657995577 0.105315235776018
-4.76506280256093 -0.21698465383241 0.823442882887042 0.365435901041938 -0.849442639383317 0.00521731885038603 -0.57778249184032 -1.08110929407149 0.576950224376103 -0.384070682807543 -0.155648558744583
-4.7763623844827 -0.0331551533756767 0.239782030337823 0.42991376761609 0.0538814461964981 -0.115319329850001 -0.411926732913304 -0.128602067292421 -0.017927010681012 0.00652065125018562 0.277550340630573
-4.76436077819772 1.31207112007011 -1.21284210507743 -2.11447503844483 -1.50758710651174 -1.32367809217229 0.485678973966949 -0.978737738674538 0.665113273680362 -0.539897997569207 -0.307096512510168
-4.75250150394135 -1.28646367474877 -0.0163401481812214 1.32628220646571 0.918025965440501 0.248395171015613 0.177506399583799 -0.00164899872200898 0.381778877693166 0.42988548408497 -0.173259579765729
-5.54372953320918 0.450174985061267 -3.1907209636256 -2.19550550837476 -0.724043471130806 -2.12572828543527 -0.165625286149223 -0.0974876603046553 1.72437902029267 -0.36361467420307 -0.867252598750306
-5.64064149212094 -0.155678476221054 0.0754537656709941 -0.4586321326406 -0.355239122896578 -0.0265055546339036 -0.301038923279052 0.210301818268089 0.393951293255649 0.0164606523173917 -0.299825014911638
-5.58983906761504 -0.19830513688173 0.520479585589931 0.181774049083201 -0.252036311115075 -0.164242558385698 0.138029925974129 -0.346608440994031 0.428891884849147 0.701182013597939 -0.0721565575546591
-5.61591309085971 1.57605921449664 0.746512349962518 -1.40492643407358 -3.61480076091344 -1.67090617982389 -0.464551493986268 5.54623048359019 0.379484598029412 0.0774272560766811 -5.47303208087806
-5.63091452100774 0.388268556560742 0.165052007797677 0.122522078796243 0.0917967977143204 0.191055495840491 0.383473377000718 0.426327335759815 0.929377380725708 0.104397580811627 -0.0854121070809642
-5.73459720925071 -0.253880487387575 0.339098456096138 0.156814930995301 -0.079162300073214 -0.481919690720319 -0.182792822938768 0.07611338432141 0.473495919762217 0.252319860614172 -0.234980440842952
-6.27238658682158 -0.619344160976301 0.159236491670782 -0.0562488039946999 -0.0967881001039682 -0.290433798110251 -0.0975336841859875 0.137056695598885 -0.259984189383614 0.0980638735368305 -0.0426564894834586
-6.25446909651413 1.49087887755407 -3.64088449893983 -4.56282735375765 -1.54764433780808 -2.57640279733345 0.731506504568471 -1.84367977902112 1.55904384218892 -0.129219299890156 0.623889624597453
-6.19905911288972 -0.160307614905004 0.302295899646736 -0.0124554215954577 -0.0270157568688354 -0.000554142935782216 -0.109560055056103 -0.0157678818358608 0.362925923340948 0.0295110634784179 0.0150461883583436
-5.61690713191881 -0.557101784633073 -0.0858751661057497 1.41376405950086 0.125634759921199 -0.282823251471614 -2.03476560735747 -0.0108288944967346 -0.867917632350735 -1.24145442539376 -0.698282292194782
-5.6444489447639 0.170012127339479 0.684559410090386 1.21013846114001 0.317918829868579 -0.952459920197222 -0.740192275233135 0.707278026999771 2.28155363246653 -1.7540024366015 -1.63590827627227
-5.48790477583361 1.59379507957553 -3.29975643032511 -4.29756595487495 -1.5526461989842 -2.23280056603935 1.343894789543 -1.26981502019835 1.43300951197007 0.0722844476026636 0.424536629755175
-5.54089096457519 3.19065791213491 -3.56199393709305 -4.45753944635122 -1.73949889768124 -2.73373472026262 0.72011142770108 -2.05843545124933 2.21154247154585 -0.49235420683166 0.472567836445098
-5.58721083911541 -0.927251428186896 0.274411122468202 0.0962467696800811 -0.0313213898821497 -0.394060103034271 -0.207406497201741 0.522121289546803 0.103694218613277 0.101571027101159 0.253831625719414
-5.53472651815314 -0.677613319801107 0.264827956814316 0.0363990535039019 -0.0195756235483684 -0.0999757822437154 0.076649265492013 -0.214215088356234 -0.167235674276467 0.157605324844738 0.0430636386897772
-5.57767101678907 1.95141913598304 -3.11808548795815 -5.22336177785237 -2.59381335087822 -3.20528825617785 0.450618083948537 -1.74855297451936 2.52768800457278 -0.190690480211839 0.196629796144953
-5.62415443756201 1.7712621826191 -2.44324017264868 -5.21317429609207 -4.14204121112892 -3.2669244995346 -0.482920563653211 -0.828869978625777 3.18214229404736 -1.06453692256396 -1.36976167210912
-6.19734644175735 -0.633081419308114 0.0817068478405718 0.0301774194933917 -0.0582492514088614 -0.0909600715310325 -0.0313984270438406 0.0320205776508568 -0.0183337183955154 0.122937646179059 0.0473928857510976
-6.24038396001497 -1.13914626975981 0.279439662668521 0.361232925507797 -0.6124235809022 -0.763420079279537 0.0846714275655054 0.858087533025162 -0.32224344814616 -0.323107264549446 -0.382213627810188
-6.17787846620547 -1.01911960201722 -0.315513433491583 -0.446907498214859 0.237672258496476 -0.180914780851109 0.219892448797705 -0.129563752820698 0.469914023064416 0.501131269699841 0.310111707165398
-6.18040669170753 -0.306254810694105 0.275281606943408 -0.0978053244951874 -0.0406209088890136 -0.0756688833141448 -0.0977612410101955 -0.0576879962126672 0.323637443602891 -0.0355794811043281 -0.0887158711378042
-6.29440104562181 -1.01806022438441 0.0234882902107478 -1.32872053059361 -0.50195512847461 -0.933541803987305 0.143517411005963 0.212288653537732 0.118101642241055 0.185755784437865 0.451624843823904
-6.24922231777827 -0.455698386743184 0.0916099201560451 0.015151012169171 -0.271240977381392 -0.183641619984934 0.163666551467895 -0.0878461385612652 -0.0789240350110497 0.0882608284256967 -0.00546528035926947
-5.1311674864734 0.20750397337629 -0.396730934508761 0.405400914649457 -0.612398184452631 -0.0738022785798765 -1.50120878472243 0.423949836911022 0.140891957498239 0.159519244230579 1.05244379158532
-5.14504295624709 -0.250815501352055 0.0325278334220999 -0.206532955682879 0.115508177719283 0.332350429604847 0.31684378435514 -0.229943611860241 0.149740293810648 -0.0568135942184372 0.0864847477319144
-5.11263944864099 1.07239509809079 0.884629994018604 -1.26407495144406 -0.0784316850353391 1.91886860628167 -0.970351405001872 -1.24295543289518 -0.733857454292272 -0.859555916870006 -0.388820665756537
-5.10974505316827 -0.968425321373827 -0.460943130073169 0.867167433336595 -0.197200589927438 -0.250768446235743 0.0774639335551312 1.05291294241495 -0.613153151118194 -0.0708203448238271 0.0481192898630367
-5.10782015501767 1.93163506235687 1.11991130634739 -0.923673150862846 0.0311250467457469 2.4451614927184 -0.633961612219947 -1.41365856201909 -0.277656282096014 -0.650201580500606 -0.376784526043337
-5.07286145081035 -0.0263482476885646 1.29367855154191 -2.01552366288631 0.578900386656705 3.37485791031215 -3.85263575257283 -0.829627190025402 -0.638209288356018 -3.02862945054804 -1.37510520184993
-6.04729316316811 -0.581270893354381 0.124343486921277 -0.376998457596121 -0.0304310222332087 0.577889042628393 -0.384996000966434 -0.499551870884717 0.273750515222825 -0.714261365363465 -0.118740435764256
-6.01912232144863 1.24444156245976 1.05191418419217 -1.49520433992707 0.139246679344326 2.06738878588471 -1.7762556329773 -1.74443105571868 -0.632034513284965 -1.29459448040964 0.447537879756965
-5.9601938130001 -0.0961602719833447 -0.0314267372861823 -0.284679273052232 0.421568860367304 0.3362334055373 -0.332950697115918 -0.488920803463993 0.0533697975871551 0.118347786311343 0.197173443143591
-5.71483937753442 0.936636706095186 -1.55675084199963 0.335199691437857 -1.08022043043707 0.41808242094791 0.0571988272044007 1.78800816193084 1.73769856579399 -7.84231335985956 -2.63047224484679
-5.74735512376054 -0.674397389375043 -0.854946346409443 -0.351730406783563 0.921320105604479 0.298902725526409 0.111403677107942 -0.570454614301102 1.10470440333735 1.05237983122496 0.36073950172721
-5.8197938431421 -0.0490475361516092 -0.0952344909004463 -0.0538592285834207 -0.0183666032543929 0.271198504143582 0.148686497071198 0.373369003025676 0.0582597628636758 -0.0258612280855917 0.100112937438442
-5.84758760470988 -0.407832983271769 0.13044717111502 -0.369245089174839 -0.088042566000175 0.106547633012306 -0.131985099673112 -0.175257162499992 -0.0700197071783797 0.119473796408209 0.220777597357571
-5.86549220223441 1.15172284758402 1.29953127936306 -1.64999544311477 0.202110750318433 3.75412676826578 -1.72739198399002 -2.68917597142872 -0.21387804152656 -2.11213325519583 -1.07213718522463
-5.93911842713584 -0.460703663367545 -0.0241273934535403 -0.085691501540291 0.168074324550869 0.230389958771903 0.203263007393778 -0.191195842167445 0.160802849202813 -0.3550284253221 0.324651143402839
-5.79198798251821 0.404198047858767 -0.146508538344105 0.215619995893379 0.390871254107044 0.357519690268082 1.41964544700578 1.17348419235054 -0.721146611392273 -0.865512282196648 0.168313802654973
-5.72574867478904 1.43212821160072 1.18237125988136 -1.63539452384618 -0.0666002432397103 3.51894606035749 -1.70803985757719 -2.10196471524896 0.0783308738077654 -1.63597390797541 -1.04970910405305
-5.74486700363561 2.70196713754051 1.30264325721579 -1.89478877492581 0.421837541515403 4.36704880238814 -1.76285290392233 -2.64360137126476 -0.355551052452472 -2.0582776196918 -0.866603715887972
-6.24139262253454 -0.382920691461871 -0.0652614047366191 -0.0778704380384096 -0.0203949126138253 0.0910414255895647 0.0302305227473915 -0.0798558547859292 -0.0120752371939445 0.0661931219242418 0.104439959028814
-6.08490000530152 -0.476406737525816 0.0550614835817027 0.0805138155681785 -0.0286773374347691 -0.37163175157347 -0.211057873229893 0.309661324758316 -0.316492174390612 -0.0315695814287841 0.212235282654897
-6.0611246411384 1.27740538742272 1.64714252933447 -1.90350477415824 0.57999056398251 4.29405129749797 -2.73426410700275 -3.33515070874087 -0.297776369654163 -3.02159684166355 -1.06362227777689
-6.01567322681276 -0.121074261545688 0.751506195236401 -0.100911177898872 -0.539128960321107 0.268331989490805 0.372456590427818 0.35876168578246 -0.931151495975637 -0.340491508763511 0.43622798394119
-5.98981790356989 0.630448865937576 1.10522931944849 -2.70418913605377 0.596470880044097 4.57723206209868 -2.67064440288993 -3.41346407936538 -0.337805852634349 -2.92402583358809 -1.10958006913901
-5.93354588899363 -0.64109245171839 0.0348975624229073 -0.0960592730741187 -0.0959212522449067 -0.100567427115353 0.0884455944301156 0.0953639693568666 -0.0249801845717544 0.0355965170860963 0.0164273110741043
-6.31687617836983 -1.05055893836649 -0.466519305045858 -0.119586662946811 0.990690159340269 -0.0934376060860439 -0.357304314273457 -0.866462723577345 0.356123943954516 -0.308907973183655 0.388463125337506
-6.29401230164975 -0.259774608546871 -0.0463222180078218 -0.0534777775347086 0.159032767981556 0.251717000700747 0.081289070667155 -0.221669259072636 0.088085528466472 -0.24497526107955 0.408009023533664
-6.19714054823895 -0.475158129105971 -0.0778425035919493 -0.192419642753152 -0.124544479315645 0.199364000242141 0.0611977373102123 -0.0296702806504747 -0.124012465975112 -0.0770468243677637 0.217413636368754
-6.19137752970704 -0.840625939473395 0.644554328732095 -0.697354319883418 0.000987363001554767 0.698151289841768 -0.577172024431217 -0.976817362527208 -0.157419463599081 0.183116523824912 0.462825270300495
-5.91462388358732 -1.15064933131645 -0.34484391497861 0.511158380480761 0.103641660406197 -0.129082718318673 -1.14306495716226 -0.666199621260023 -0.404568241734275 -0.259809302398998 0.0493502791037898
-5.96965843792654 -0.561366961544308 -0.077789310572308 -0.266795160654542 -0.0804982119923185 0.123208672097855 0.0881655046601732 -0.125148671776699 -0.0940232243327524 -0.117951953449844 -0.0238272415511393
-5.9186480084957 -0.236844100668849 -0.513366087841399 -0.0501525150082102 -0.348055359358506 -0.622462676127264 -0.0901966267211166 -0.333616045725846 -0.453994168281428 -0.384254379232917 -0.836307525403061
-5.76272802565134 -0.915461992417005 -0.154071624379352 -0.141114424327684 0.342631281367223 0.0351697174194331 -0.0207280176968615 -0.377302481732198 0.240529620426473 -0.158870763119004 0.178298768951312
-5.78895644979386 -0.556138301614763 -0.143684762438149 -0.638303633370182 -0.233904970519352 -0.347824608288789 0.610290421880952 -1.94460107563777 0.0160660738332337 0.157759702917256 -0.338970705622048
-5.7465867450878 1.75479005603881 0.68998308280456 0.965333156630463 -0.307568682650434 1.29242299240955 0.96728433960321 1.0460221065955 1.73899135266692 0.793076313458557 -0.831542826555931
-5.71154573090156 -0.039158170440182 1.26115122328543 1.26905044782063 0.699901058183042 2.08813672456675 -1.0888352230119 1.5893666079891 1.98808861356729 -1.05518900529401 -1.01640385702386
-5.78063878927634 -0.386229572826609 0.497426057470027 0.186022921497315 -0.374852885794195 0.313106508750031 -0.655741285279274 0.95266162979296 -0.0595835678379884 -0.397376231646726 0.531641048104607
-5.3892511169054 1.21355138288406 0.902910122660573 0.857626153099726 -0.142246230773578 1.29243738405881 0.245305656929518 0.453606220950114 2.75656744313598 0.426192234138947 -0.141770366804765
-5.43207667085674 0.281479762553247 0.505276497275557 -0.447051527555919 -0.0407192170484902 0.797120818389837 0.280643845761119 -0.826087672274969 0.649494861319268 0.147424220110279 0.809691502026538
-5.43756104324606 -0.187081324348404 0.198622303752174 -0.136546581874186 -0.556559022357042 0.000773179535773459 0.679822304556033 -0.0203548789308801 0.264862014096184 0.33860859843132 -0.382542701320814
-5.44123415020571 -0.0071905140722079 2.2050663644784 1.41536208984412 -0.00774987955056255 0.15726784995538 2.49564293162443 3.48229930430871 5.31734905549214 -0.452394480552743 9.48601487662934
-5.43664492813935 -0.891800533369962 -0.190645194093527 0.165081545658145 0.119109786893546 -0.00391845139243777 -0.820406375443442 -0.100687537413799 -0.511065989501642 -0.262407957738765 0.394552825469671
-5.89145813913837 -0.1056547038636 -0.423574470684021 -0.0670093175545139 -0.230600112078014 -0.184945198277798 -0.275212726906773 0.152833282324793 0.0573478228205957 0.344272456295868 -0.191546730382536
-5.79075508876076 -0.233520607840202 0.127773435937852 0.209496234378866 -0.175600626635179 0.173971772811809 0.27121476788756 0.204591812496009 -0.280558758521607 -0.149850875211975 0.2062636279663
-5.82017528961735 1.15726481944539 0.647705267959833 1.63404453205628 0.0765525502286073 1.5252155787605 0.500934063925386 1.23361750259037 3.42052495490808 0.773267735518887 -0.0758280710639974
-5.60485502687942 -0.619026180835209 -0.147036073966405 -0.264567648378174 0.282880235026863 0.175786456230365 -0.0203433654586784 -0.720842416162806 0.224644938986498 -0.190926498690316 0.485796027973154
-4.94071229531184 -0.708889828534399 0.0185331983350081 -0.0274830329062948 -0.0180086822986841 -0.16098955087947 -0.0934924098377825 -0.291958464403132 -0.388874416438751 -0.121671279024291 0.0390843704899923
-4.95177231718307 1.16932845762458 0.763594372623109 1.34756680000459 0.0520998838660489 1.20061005887852 0.331563906747539 1.10676498439204 2.69197726662107 0.821257052060871 -0.110429603924122
-4.93340637217672 2.67933138749261 1.23356515482091 2.21306054424108 0.0158591130949028 1.91457958070661 0.876029791258948 1.28003123430579 3.74645778387063 0.917840830794334 -0.826182701396987
-4.97996967741539 -0.543933818457558 -0.00432048657075202 -0.391227620838623 -0.173817716212996 0.0994606381191241 0.179767143413874 0.0100348340701198 -0.0502530767782655 0.411706481414363 0.287812052593719
-5.69209118490429 1.03082841766082 0.862217385299388 1.89876438664607 0.408332859610164 1.52036640198382 1.12810077471685 0.944384874074961 3.19350642053791 1.10085462613181 -0.670637590036287
-5.75304057829223 1.10372796651985 0.186839150046282 2.23374995997655 1.17470533545511 1.99212814003034 -1.51704413591696 1.81696794842107 5.00540963248674 0.699243495891078 -0.394698487849247
-5.73151982275298 -0.730069391578595 -0.0813263233608028 -0.0465358787215911 -0.124459669950274 -0.113109939519293 0.000163693450713796 0.0259323527032542 -0.125402892533011 0.0294881787847625 -0.0111661313583278
-5.7214322190687 -0.501152169573664 0.00529521450473187 -0.11326716314337 -0.0119337957881065 -0.055055003445503 0.283124988616123 -0.143666887866995 0.250030102630401 0.346076232278663 0.0463435177306884
-5.78069872479546 0.862271383231745 -0.620176696544823 -0.221785391160213 0.628231215939446 0.507691467321833 0.0644669515791465 -1.46534685976914 -0.154163426424364 -0.0630123406306112 0.248747709509898
-5.78997128095897 -0.866317137378619 0.0110708257085873 -0.103292505916969 0.0803358964959663 -0.0452554418629584 0.074665066638333 -0.0534699606053437 -0.110718880798514 0.00255320668546522 0.320832107836496
-5.71577439112777 -0.578989183695944 -0.100302146534958 -0.068076193400007 0.118411368231995 0.021332909927001 -0.129575602315825 -0.284286864895344 -0.0363801815122553 0.0517998658685665 0.0616840170441204
-5.73715509727401 -1.16502699176345 0.165234736383931 -0.0478758126878859 -0.321080985555412 0.602642893774525 0.251831266563315 -0.139900861899407 0.490993702587977 0.785931382339489 0.874012358288543
-5.94615548256031 -1.40566955886858 -0.283306554343052 -0.293738595946591 0.154633161065545 0.638579837253798 -0.160950150967782 0.64100214777209 -0.304219030881348 -0.0154501322838841 0.566231128306997
-4.81503516406881 -0.450110925766453 0.16343593576901 -0.0223362645080583 -0.173879722137876 -0.00113451070436876 -0.118463438525268 0.053969252793667 0.00616467207452396 0.0809270163008129 0.0889578109284059
-4.91340346184925 -0.496596530216853 0.26187761817656 0.278559671554958 0.668366175526998 -0.359725381501053 -0.444103197979734 -0.360197264394124 0.139239537502073 -0.560219242313848 0.0162535892815539
-4.85828891246502 -0.816534205894174 -0.0254890095333345 -0.0209318846695955 -0.108206991748839 -0.164100095038282 0.133192640438995 0.0682082302248621 -0.0922232188344077 -0.272622541922542 -0.140149682173034
-4.8899440912603 -0.522849122787871 0.0616161586411519 -0.127203589166836 0.477894374383526 0.0471745642631804 0.220771559336801 -0.799238856086815 0.271215711315763 0.321744649968953 0.146825016944856
-5.88817934342112 1.93142077356297 0.0518188628321564 0.65638819838932 -0.228160427695778 0.104458692000993 1.66203359420027 1.93209898460872 1.5246342433527 -0.587412374559991 -0.824150193936938
-5.84565899116822 0.137664961347201 -0.751203637316962 0.914549435310734 0.419189232762882 -0.169545027093303 0.41448008408891 2.80338639882435 1.62866309618538 -1.33848877623575 -2.60758355006118
-5.8900696441084 0.020004008723776 -0.144859622435579 0.250016204660876 0.52165642227221 0.452539900022571 -0.129194394673885 0.117986802781528 0.0111842850462934 -0.445352867380106 -0.479932465767188
-5.82605858909047 0.897207841237755 -0.395993293467485 0.609296828476453 0.0656580697617827 0.14969733123189 0.80038553260841 1.51313987733359 0.261732830268927 -1.39458185047606 -1.66486265768319
-5.88999193957965 -0.199079655135757 -0.0483238877114531 0.0169121869640852 0.249689409322271 -0.0606202486225299 -0.177140222996662 -0.712530795051848 -0.695946541283238 0.408127450852579 -0.0750173410032727
-5.92251962343718 -0.651128935672532 -0.0917077019863735 -0.0439174518008214 0.273588358739438 -0.148903530284113 -0.179268025622291 -0.275185672243192 -0.157400011111076 0.0914070618803231 -0.258786070445791
-5.92948592471712 0.753508049675066 -0.924299424494527 1.7742521578442 0.0571150047961856 -0.0923313118390448 1.01443759903075 1.20115568874227 1.4253948271661 0.585512193649494 1.83339213361247
-5.97634069135014 -1.5736526261434 -1.3900745984348 0.29525137809524 0.605794399363053 -0.50151126663756 -1.59925376965999 0.660564277904114 -0.435598017846664 -0.16547224031054 -0.351629606958727
-6.14370798022044 -0.416483236574819 -0.151667283955992 -0.0863320791178954 0.183189627063361 0.101989160216163 -0.14882245362593 0.331332399147631 0.148599697531981 0.0393505922688793 -0.390679755084328
-6.16595889656843 0.965493358933397 -0.313104543464377 0.878342257635644 -0.68218678604092 -0.151042896994793 0.611038524713797 2.60554169062552 0.885611611465655 -1.97411023508839 -1.80123746180988
-6.03932584280933 -0.4853495130043 0.0480071308249343 -0.0617365580641483 -0.229764524580546 0.0238494848456948 -0.0268094234944714 -0.0624378252781716 0.00132920660256411 0.041373771071479 -0.0273211237531967
-6.48673445746041 0.347671135707135 1.01915034110062 -0.0996986444641091 0.869287878764067 0.702334284269838 0.852410804487503 -0.244822828308896 -0.693427788790482 -0.338662086973729 -0.378545494185204
-6.42566066617146 -0.252636469809049 0.326301314391905 -0.406284280272632 0.234882544149337 0.368142285216215 0.76581792341129 -0.508771486009694 0.3322766407475 0.740588669458831 -0.262576779809722
-6.10910189337758 1.14246040319345 -0.280466669890757 1.11931709788978 -0.823117252389877 -0.187824125568233 0.866219922441605 2.61316567651767 0.925145974830679 -1.82485330633075 -1.68576735329022
-6.06683010969717 2.58495305009778 -0.176336242113052 1.34656921588199 -0.738606225601386 -0.367585596619368 1.24831020780456 3.4412521066905 1.382267910677 -2.3077204815345 -2.48604995086392
-6.07848712416033 -0.825223947633165 -0.0499011503486228 -0.247005651115825 0.00758522743339154 0.0472038720053937 0.217203939825723 -0.406348145568327 -0.101321191987199 0.321876041631142 -0.0395644163468619
-5.97513854450921 -0.612418890248471 0.259332744313272 -0.013436866580486 -0.140463434593541 -0.107828053800655 0.354402456781319 -0.120025564667285 -0.0427344949111276 -0.0528280181587042 -0.0884565982010319
-5.9601457411839 1.11138680819425 -0.862669286876473 1.16905791880143 -0.563138897918537 -0.0550457651238875 0.0963523934095383 2.82919060636235 1.34080770627598 -3.39593588328599 -2.9408496614461
-5.97513854450921 0.865414317391107 -0.8316444948428 2.17771796692587 -0.399197089945143 -0.295251034804974 -0.769680637555967 3.20292272821472 1.30198979388383 -3.08263997011299 -4.70542388576005
-5.53267455635259 -0.681094470370195 0.424858349154963 -0.031507586416661 -0.791843317647927 -0.250437428027766 0.655614670354062 0.143051966427304 -0.129250383934107 0.21115159759506 0.171808899494961
-5.61693491108326 -0.683017589517178 -0.00374258672119274 -0.0987032001070296 -0.0791537251809463 -0.0230216056696897 -0.110531967208038 0.0606700526352605 -0.131998970538147 0.0171827028087211 0.0721686475336351
-5.55721556476916 -0.776710589339001 -0.0735883256161009 -0.112643777527207 -0.0606680059700435 -0.0831113260665907 -0.0125409737825839 0.0821236995529304 -0.165495944940081 -0.0906662821880205 -0.0801651970903708
-5.52362475727507 -0.587565913987963 0.0995980712188263 -0.10485531376324 -0.0891749125656685 0.0506637726234106 0.087600010997164 -0.0438292890361766 0.0967484119385547 0.212890459131847 0.13704472695831
-5.65580120898554 -0.55061249244748 -0.0228823957082009 -0.0535140688078802 -0.216429313052585 0.0547529636931836 0.0950900737203116 0.0781662832300279 -0.106173309784108 0.110309069987772 -0.00771503983366983
-5.79423992800678 -1.54460229007507 -1.16369918366718 0.832282416044327 -0.16176776437042 1.38310360629156 0.4268110241198 -0.404276953508837 -0.284644194913408 0.231025897039625 -0.316823550774005
-5.83625522783725 -1.19795367017603 -0.661198975988354 0.780870753278632 0.15621953261 -0.150715240008386 0.393175591195598 0.111377782206919 0.599526659402222 0.10624273806257 -0.40624208590859
-5.74196327270867 -0.620502134642871 -0.00375016613675981 0.00752428796978969 -0.0250948309446632 -0.156621431702312 0.0321274546818148 0.116428382465231 -0.131662907732936 0.0266911852869934 -0.116274264933943
-5.59294966932507 0.0731878402552916 0.0963136694012871 -0.837645033062937 -0.12146398776806 -0.181008837997637 0.3069814941297 -0.367444354658948 0.268665029927171 0.332760903091595 -0.344840444003141
-5.54753901479295 -0.491657402142205 0.524203293826071 -0.2615953720994 -0.21186950909061 -0.898958157039991 0.996803359528391 0.289698439900571 0.0602066515818395 0.288975335607399 0.111116937154021
-5.57225933472188 1.9424667905845 0.0332898480643658 0.846963623792542 -0.28125997911332 0.984505763160236 0.938003122802438 -0.250050327854268 -0.427809038368625 0.791695554938434 0.0929233098107118
-5.57074360330037 0.0486702570006362 -1.02785201137287 1.35649896077222 -0.188191319667243 1.32422794821844 -0.139532761247497 0.405397683139986 -1.49315574352437 -0.111068961917837 -1.45109299557869
-5.82066410420117 -0.0101579901027532 0.160408334139738 0.53251771399165 -0.0280323686224238 0.326099130821541 0.0205428548802679 -0.318252279846536 -0.827433521182611 0.159439108053884 -0.488571126236994
-5.78043924608705 1.0614418984448 -0.380312463675653 0.661940040280748 0.178871754654192 1.1157549045821 0.217037282903474 -0.296038704579929 -0.348683136888594 1.06278018555324 -0.369989603279652
-5.79306329761863 -0.396942825008142 0.20964437353982 0.0890639902710003 -0.321184989657467 -0.413305394357176 0.450473560546024 -0.0138859782451145 -0.555276327314563 0.00981571734231436 0.196005581981302
-5.49152936956517 -0.601382697734411 0.163570885609525 0.200491114972066 -0.15638071795946 0.0728506618240472 0.16023716706914 -0.294612703858853 -0.185295826040629 0.162233599520324 0.241092592783493
-5.47270765913572 -0.037258534808238 0.171178766753109 -0.108803477725739 -0.0550516854263991 0.636157697926842 -1.15258024455416 0.387919387947016 -0.326803708214648 -0.169001255731966 0.787042526134522
-5.49754738916674 -0.565787337275418 0.141266670556075 0.157617430798362 -0.180051885789038 0.0245778832768765 0.144683488387141 0.163742124273221 0.289360704290695 0.248665039218752 -0.0563643022827262
-5.516847326859 -0.307646876385188 0.186939946633204 0.121891226694271 -0.159937901310384 -0.350686761957083 0.0861777742040069 -0.259943808244782 -0.0883526342588986 0.165594046546502 -0.289977452908703
-6.14778858697212 1.27295276492479 -0.842117460475572 0.946133443744644 -0.166252195012983 1.50329897386582 0.872429122228205 -0.0293243776404582 -1.16896047936289 0.612493186851264 -0.43279320003687
-6.27881707386591 -0.232356364157304 0.0945897627766909 -0.00901342053744923 -0.00992129084513719 -0.31323359577744 0.0925202047010934 0.140240187423605 -0.353092961914397 0.23122724101906 -0.36781225531053
-6.14123125061761 -0.562884037784544 -0.0146033729300562 0.0364501734828506 -0.0120555371323142 -0.127849300012653 -0.0370557162130063 -0.111705842106439 -0.272111396727566 -0.0493430951420653 0.0566109852853212
-5.64207185451418 0.217695105949561 0.471608053135861 0.14069206214661 -0.0548929650779862 -0.195722432161029 1.34552506395017 -0.543184385188215 0.164061532613868 0.806722628289491 0.0401849155884628
-5.67184088244684 3.08129629748819 -0.76064406394917 1.22034547700264 0.377736441959998 2.21859326764421 1.52815405261868 -0.276227570974029 -0.991938949536043 1.01435316986037 -0.368746868469077
-5.72888553646933 -0.97061295225873 0.0941203788995178 0.188503567782278 -0.172626560366891 -0.441724843174981 0.0341812947457532 0.214549328522173 -0.578757644877008 -0.0800193512392187 -0.303242223460894
-5.70888205544341 -0.777549648767971 0.0761718130615538 -0.153886834818554 0.103735171431518 -0.105290990986688 -0.100957373879991 -0.1462874842326 0.0379986004542669 0.0309345177876388 -0.0725159204751138
-5.74915794553241 1.78102792377563 -1.32931579809494 1.5234488136074 0.488298771517352 1.98035973794536 0.787216866846735 -0.359011085488388 -1.59694333839551 0.52303937996032 -0.674072950144042
-5.73367503858998 1.24264934415555 -1.5378904819163 1.34006178637673 0.600398842701839 2.83343003389289 0.259110920845847 0.0423004513603604 -2.76250586193187 0.19182000905012 -1.48778176755296
-5.47741484626852 -0.952379324777976 -0.0939931127070205 -0.0396274721466264 0.182986615118042 -0.0718841387554527 -0.00885669853801452 -0.0590577607160299 -0.0202094193989522 0.0185424539853707 -0.0102988322091236
-5.565676162951 -0.568971351333918 0.046909288236701 -0.0699054412814411 -0.100111768957904 -0.0346438153584249 0.0315043051353115 0.0658168714992865 -0.145470180633897 0.123967534614782 0.0575340359099248
-5.53206191034979 -0.845718443005018 -0.257737154392447 0.165499375566386 0.167031793250354 -0.0761345988182653 0.0592874116053828 -0.0122737740504163 0.0065374654495775 0.116960158287038 -0.0102213742924546
-5.60334175135444 -0.493110722166702 -0.0364061109557785 -0.151566983061344 0.00638075872847162 -0.0282911766357404 0.0874803517812687 -0.181435524133397 -0.103706092039851 0.112123373353509 0.0707609015906698
-5.85798525584071 -1.16493864411835 -0.727888758218039 0.353671638860811 0.0585335374002231 0.0474668909995515 0.51665154481941 -0.198600903542844 0.0587879604419234 -0.910576307458444 -0.075968805349078
-5.98438248422118 -1.59937403436145 -0.480311146811699 -0.255723410163742 0.956730344300677 0.34627223598012 -1.00831288089674 0.255818554679854 -0.403166028127799 -0.311950619380656 -0.394530823700051
-5.99173178281226 -0.485520077364954 -0.025119809754388 0.0482852610567092 -0.0307217668177147 -0.1375880440601 -0.197020744256773 0.239160029299006 -0.191695269176074 -0.11514905228414 -0.178230676898649
-6.04786390792511 0.822688917079684 0.145681726339941 0.289011833128113 -0.102755305544938 1.14331451149143 1.3626020597007 -0.575163777073454 0.609965869285075 1.2380281424849 0.404889837958597
-5.63409700307208 -0.0716775347511208 0.35972283669398 -0.178975023019838 -0.158133425798256 -0.254574992444086 0.0367509117206797 -0.324829981342128 -0.114957146333709 0.305153076112364 -0.317134840050783
-5.70064380543578 -0.796215618767618 -0.254887188320986 0.351327754454266 -0.12244964243402 -0.46970077735198 -0.564683220744505 0.474183560113075 -0.358226943791547 -0.847571175550624 -0.516968282027082
-5.64323597353817 1.20263062509413 0.0647524663855541 0.109526804689979 -0.0671554637760407 0.0950838615726592 0.65407655879704 0.3184029228303 -0.329801377066397 0.0544996897150754 0.107448839291663
-5.61400639797323 -0.206174387955117 0.108092181758008 -0.5117234601586 0.877256012765889 -0.279554051427427 0.163479283031336 0.841158213105732 -1.10668738683816 0.0310987841760158 -1.02080574102041
-5.57038990416703 -0.476082427104769 -0.50755634856453 -0.257876637201217 0.175517447207167 -0.304748554908965 -0.0462499213534618 0.22400117774433 -0.158459617879243 -0.07747730298617 0.130911936866859
-5.92440570465006 0.562871156039711 0.230711447642583 -0.32681704828786 0.361142671867965 -0.403850004318222 0.364002418554709 -0.238533047050146 -0.744854717917081 -0.0217745552631701 -0.290147074504189
-5.95585766367076 -0.469885804793593 -0.189932424366825 -0.530994672194913 0.530348171687877 -0.126591801231601 -0.0313363439727244 -0.431730277650589 0.0632525998717467 0.211199256895939 -0.136336711769699
-5.83023725141012 -0.645995380679434 0.0777449748256596 0.00683025345171885 -0.209854666016871 -0.181677647880467 0.0515905005888211 0.191051467336795 -0.0869797255939718 0.0851547885587835 0.1271024924497
-5.79139737918649 -0.301981862989013 1.06403900388892 0.655729186171123 -1.9206469243164 -0.867268334265419 -0.452531591949668 1.09923286944533 -1.12728077662333 0.153623367527216 1.18286297454566
-5.15513813931277 -1.61544659448952 -0.317118555723633 -0.0509626922868614 0.728208680857718 -0.270088123986014 -1.11206442950747 -0.0181467290689478 -0.112914455446311 -0.413362023861636 -0.140203569648913
-5.15412040386539 -0.162085287728135 0.0450829814925084 -0.165695128976131 0.023555197622292 -0.0341270015727178 0.0386095702727925 0.210893545954463 0.121987002196722 0.0281694679065398 -0.0519727662191843
-5.21062082433772 -0.352649047612724 0.00808697566189392 -0.171678467211968 -0.0968141110421234 -0.0717074134263315 0.107767929324833 -0.139041575766751 -0.0316083524930661 0.140644188380231 0.0338762698997032
-5.21062082433772 0.576146074217216 -0.0367407928369001 -0.165172117374884 0.60873418279205 -0.0134664023239982 0.521356312514368 0.310985004144528 -0.539520467303546 -0.172734826563382 -0.0500788430654462
-5.19037494687483 -0.549368083385067 0.228371826699716 -0.0765658408414862 -0.157579298877057 0.000163153031030109 0.356437866201447 -0.0489394067390364 0.00862964863306158 0.108243833731494 -0.216859302482448
-5.72164811911545 -0.693792067832404 -0.0930156036619063 -0.0546508122358013 0.214597669967701 0.11306385636333 0.277232257172016 -0.35174231959935 0.0490378719133558 0.217492101863517 -0.0937847930714318
-5.72379407778631 -0.630210956876692 0.0127634558146022 -0.095009535446832 0.0787993646913091 -0.0466127161251616 0.226782402468458 -0.142823460701801 0.0704835679387796 0.00879781202000928 -0.0890219837100217
-6.10013007385867 -0.561992641128315 -0.0448543405116884 0.115580333783682 0.0803197605133311 0.307038410299049 0.096075966141442 -0.151476217263407 -0.282527374234054 -0.403530473256445 -0.18096352521538
-6.09519217443167 0.471753348867759 -0.0824660418703595 -0.557103661489937 0.651696415572979 -0.305130118899514 0.288609653904085 0.0480970061889842 -0.307432448938751 -0.232622086950089 0.0400968155179302
-6.05181175740655 1.93234072496217 0.253737725550186 -0.000203657523400485 0.567422646807292 -0.0820056397994893 0.668879977188575 0.34753135342176 -0.814393994014792 -0.0587766803031481 -0.0982025830416794
-6.01023521905329 -0.473164868114719 -0.0125092656779719 0.242976504282759 -0.110166076351848 -0.207797408017144 0.0829115109931929 -0.0532175514450495 0.0122243777087653 -0.182705787769977 -0.184487793052499
-5.43821135764124 -0.523314140294625 -0.0883238012499443 0.0119719520178244 0.0812098831780161 -0.134712040296366 -0.0966952196315995 0.0566330888495568 -0.202031742421423 -0.073887427654089 -0.13707525066779
-5.54373004446852 0.939320212618775 0.122746191375221 -0.195344755501866 0.71500116919544 -0.135764687604804 0.436164177995123 0.639996092578396 -0.947648833508229 -0.105623381332758 -0.549987731225111
-5.5602155196623 -0.268007820278963 0.33218061459413 0.0280536855480598 -0.265292490221883 -0.105258370403643 0.266287794050629 0.00791999614407363 -0.0121392875198186 0.250212130452158 0.0303370775994173
-5.57970701124648 0.61982184744225 -0.260366516212209 -0.991111815314556 1.1706374073478 0.0564049625129438 0.491027844815497 0.341028567338031 -0.532207236962284 0.185917443467102 -0.404007990213172
-5.73622994608812 -0.562857747897962 -0.0410316783457424 0.00475344110239087 0.0381289447928999 -0.109670206543153 0.0377895125244695 0.129470464624938 -0.0463389568040978 0.0466939307654202 -0.282990230640369
-5.77734494946681 -0.525283662048528 0.26961813615081 -0.109496104145549 -0.254023394477765 -0.0139361814292015 0.156741311268768 0.0488540425441554 0.019458768081627 0.0867245805911214 0.16822238337235
-5.3837913804316 -0.58582092143912 0.0661735490729306 0.015641664983354 -0.105027977105186 -0.0741565345275199 0.152387090827942 -0.139843745131307 -0.111443572347433 0.0919558677270968 -0.114539002019956
-5.44709142633627 -0.717207300953085 -0.271992118382784 -0.176735495424801 0.0109051013183397 -0.213005109453935 0.0158198711927308 -0.126827562552833 0.0935613740608884 0.382305806220158 -0.248716446773274
-5.43430228088257 -0.700525025643035 0.0341789291322016 -0.040613947776742 0.142547890870722 0.00928988841467493 -0.00348440958279243 -0.138246662916961 -0.00107410082335935 0.0740947627471187 -0.148846722170092
-5.51255444847462 -0.909176156003529 -0.292526088612818 -0.0968893342013978 0.0133610091945315 -0.315683887255588 0.574196289064871 0.071809106692613 -0.439440528878665 0.0133000040980868 0.390363604046938
-5.68373987615541 -0.611517074737946 0.0523489023194893 -0.0115456647497266 -0.123030536015476 -0.152417186682531 0.0957881225218006 0.0247369113992596 -0.14405258042428 0.0865732301368475 -0.0538787870718687
-5.73856896950275 1.33096702927633 0.150984479794694 -0.129954683938747 -0.731212472134019 -0.222979296372874 1.27272781231393 0.420802432511926 -0.387793573461005 0.294139615414296 -0.156743010285906
-5.83505379459869 -0.294140595370556 0.043995408205308 -0.502417619977663 -0.0995839993602271 -0.174037940943692 -0.0508820004177639 -0.229335163328039 -0.239460539027954 0.350564274952771 0.0978787211176137
-5.50775477761233 -0.413537958537796 -0.0281152495430847 0.0520571717589039 -0.639759719197176 0.293232001128282 1.06410514007405 -0.523997652635721 0.518474381136678 0.165505658911912 -0.257202190809312
-5.57035866281828 1.17388500035908 0.114343571726456 -0.668011941847154 -0.502000997345461 0.0187744948597001 0.652134789257935 -0.244670082806525 -0.183821367915914 1.05194056697532 -0.449124424470881
-5.56332929298111 -0.0446600960983223 -0.462619041552396 -0.5543074347574 -0.0155882750505697 -0.17652066481128 -0.0610096320753268 0.770832081111761 -1.27566574758304 0.80837189532719 -0.90206659797229
-5.59075821068067 -0.387834108776484 -0.3550705727001 -0.493923621143536 0.188993963475907 -0.0361396268225399 0.12007556416383 -0.113070231690238 -0.580430240793165 0.171371067396854 -0.112290880665872
-5.98824254334138 0.500316971660484 -0.267135311200901 -0.65577943929983 -0.0111929077011453 0.218696031881867 0.031787801968935 -0.191628638393032 0.113567403047256 0.256647555601134 -0.42152061425234
-6.02108781542742 -0.667762581708168 0.227262477390451 0.27537499153333 -0.0274893514390634 0.033496617133719 -0.311614171992131 -0.503977893674031 0.527074255354697 -0.381541435357722 -0.120835006756623
-5.99433706885102 -0.795627450920855 0.0739908814177009 -0.0660660106401933 -0.232798464997538 -0.0374073445140509 0.0613840819104785 0.160727875893261 -0.303401965499774 0.0678169613313332 0.119222682990449
-5.99907180909217 0.342814700242367 0.635140888824024 0.427265680662631 -1.23128914832498 -0.242224066357641 -0.842251140715757 1.6012935539416 -2.62007144282279 -0.717382320361514 0.452145911412429
-5.98108816841223 -0.795989529837226 0.0728615228730418 0.111640223266321 0.132530222334611 0.0533825121434203 0.255690421224558 0.211521124316196 0.151997400183291 0.352135615480053 -0.0719447174832341
-5.71221835686585 -0.322121883700185 0.0210441965664178 0.0595641974568722 0.0245858357083226 -0.0192637881880677 0.109530208118791 0.0437660663660248 0.0162355019347826 -0.126433599146216 -0.179648831052998
-5.67666898986496 -0.404899812287821 0.0756207490653219 -0.201173310580294 -0.100835520920195 -0.0164328347496112 -0.0821298352694323 -0.152188126338998 -0.0985953747541965 0.169605656949505 -0.0949565454479427
-5.658705768273 0.753092282675903 0.218893094211568 -0.501999673666945 -0.435184664001418 0.470767935901645 0.358610838150147 0.186080071254498 -0.367091152230992 1.04257441662536 -0.793692827244413
-5.57263553508168 -0.593340774553744 -0.0288617106826518 -0.172129902372693 0.18403982368069 -0.089028954699395 0.17782336642058 -0.268004376237147 0.142911081306878 0.207309819954523 -0.141473284633928
-5.59519895844909 -0.823011452105177 -0.0384607325602922 -0.0251349929771971 0.086496446878315 -0.0853274328335584 -0.145962162540294 0.000173046510698832 0.0702700726550791 -0.124727897287835 -0.257676062583135
-6.11531857399514 -0.59973341841858 -0.0461650316723996 -0.190570674811159 -0.153955962901406 -0.0861974195096816 -0.0472992834167833 -0.249997391061219 -0.105405940566535 0.11304364085698 0.0261155053398039
-5.79044783878791 -0.463893398286561 0.082421801289575 -0.165517441699005 0.004408065537863 -0.341190981708376 0.330758400383703 -0.597014561153612 0.145498398945852 -0.271430689803216 -0.170812361791997
-5.80537875062884 0.887382450421979 0.42046234124633 -0.650810440522795 -0.605257522499614 0.326011675628586 0.472345722994224 0.171616282732618 -0.713837250327031 1.10837087340105 -0.645081703705609
-5.86439287361639 2.4944500029603 0.416482932437938 -1.00721167024274 -0.905207049966637 0.6854630752577 1.13299073128145 -0.388507641684478 0.063530806040711 1.76059550953699 -0.497684687636608
-5.9055000846088 -0.556610395431384 -0.144470352402851 -0.0666490304389871 0.0557315398608476 -0.10379870169865 0.252789177242217 -0.169938665116231 -0.0676861447515968 0.162772582683701 -0.194920327371531
-5.94836942609844 1.05633587338158 0.0541774549327 -0.904758639973735 -0.24901160908771 0.718171513255242 -0.0850962591127641 0.102260493579592 -0.444587269026299 1.0360915478683 -0.964027692051725
-6.18801534103141 0.542492420884436 -0.0746950732865992 -0.702973987693703 -0.266119699049369 0.482298383860468 0.16145726059484 0.382588971594068 -1.6019001422491 0.454776106518983 -0.943422599566073
-6.18638708382352 -0.552647410477736 0.126793179087752 -0.139512638459993 -0.287922668711243 -0.165694419532679 0.141950243160326 0.0198064217085605 -0.175697668024583 0.0943957256400362 0.124588584720016
-6.17024916624692 -0.707519922342691 -0.0521481502655848 -0.0107062953922778 0.001651049243985 -0.170556100339452 0.0211470891610337 0.0592447434839612 -0.0433027347607816 -0.00437412470329256 -0.0503497199482462
-6.12895760534849 -0.756688934154295 -0.0401311595855254 -0.106859458080597 0.040704491442786 -0.0774541257595741 0.027625344742155 -0.00326751456960554 -0.124537422408442 0.0851928379269912 -0.0401365415977245
-6.07464791482856 -0.955773603474496 -0.194803139091526 -0.317353496614622 0.116047800005283 -0.398639032042922 -0.149745259985248 0.29528017931875 -0.275394208941379 -0.231703845307289 -0.334617402258171
-5.42708276316751 -0.542629201381807 -0.0701553002826407 0.0428534812128186 0.0195114757730622 -0.0115032923466231 -0.000471403058744629 0.0603153483362407 -0.0644536378229763 -0.0312675149100111 -0.100140162471454
-5.46015229473394 -1.09059950404226 -0.0639127893575313 -0.824700193197711 -0.310700214424483 0.0900073736260964 -0.598858958457749 0.228045957530218 -1.08869330886236 -0.0188080755639536 -0.10325781161246
-5.55670293652802 -0.918828005184368 0.0200810936895379 -0.408002771229235 0.161965611295644 0.0595994927219672 -0.334334589191308 0.0795453483426252 -0.781691678939148 -0.129220303434395 -0.54194531993524
-5.61430317050557 -0.48565179644332 0.138174101397507 -0.0113679225641957 -0.170668466964255 -0.104250411754237 -0.0315351380452466 0.113193092373355 -0.134816673083369 0.0244825312586686 0.0465410394790051
-6.24422333225597 0.26222804389965 -0.122815496100046 -0.875771569991626 -0.0196945657566951 0.253154821951177 0.511137115658257 -0.307854758756061 -0.0430137347284379 0.690868205015546 -0.372806677549237
-6.02111336140049 -0.406409583518506 0.129755385404028 -0.88635256010764 -0.123483510969133 0.303245243134457 0.493744061222389 -0.201640363692647 -0.830539484786374 0.458965040069079 1.11697498003722
-5.2030302779194 -0.545350817720335 0.29340643282244 0.466087767146021 0.546170784672261 0.567196388013238 0.336840511331327 0.182749400243798 0.850503006904169 -0.260793964104038 -0.556461313175287
-5.3199803231843 -0.352974006385641 0.0234937550728833 0.177244904611915 0.172404235450293 0.0944585015484416 0.00820415854317365 0.406502392339666 0.128953404580621 -0.127239264278744 -0.0440613973942793
-5.77781358822516 -0.391790935964727 -0.141310191549353 -0.103442645040672 0.253614628522522 -0.11705127884062 -0.183169571646406 -0.273073171783977 -0.438506082590983 -0.0774527256384694 0.315220750863904
-5.86812329808941 -0.595581135011957 0.245910733353867 0.100268003309388 -0.303132748713262 -0.0925814615187343 0.214010396054336 0.241361512454798 -0.229345955618194 0.1619855823664 0.0501065235137309
-5.82958348100181 0.320434392256566 0.391844237374273 0.448480989714121 -0.260223608286125 -0.507071999080027 -0.429757243157687 0.868526556313778 -0.876752861217191 -0.680819283561942 0.227795293831995
-5.91042110956243 -0.382596104972881 0.14182340622821 0.0105209393952456 -0.189669781771135 -0.0340997950966936 0.185671513912738 0.142170527183884 0.0385061341975418 -0.0243743121174063 -0.232955591750155
-5.51361205096428 -0.554723189899382 0.0645670420860735 0.180172221326459 -0.0354171209483145 0.285534092033357 0.158666833453366 0.0256220886825224 0.0591041455527586 0.139975582497988 -0.00964112525953903
-5.49738386054081 0.183994201195465 0.939299690320752 -0.305905063163637 0.710164253813004 0.324381778628864 0.143218770883385 -0.967980601731939 1.15942640175416 0.438282116926446 -0.13513062087607
-5.56058825537517 -0.815905997337363 -0.205047281536149 0.00364282987544062 0.145585668571922 -0.0714931504995234 -0.150429948748636 0.106047286926592 -0.167903523657645 -0.252960284282896 -0.166907981469176
-5.55060063543204 -0.773256958603562 -0.0406959052330567 -0.102473576625053 -0.0397315742576598 -0.240342873340074 0.158910991092789 0.150805059628595 -0.220764692434023 0.0992260738732696 -0.0185510246048808
-6.5712651853775 -0.689860315978116 0.00961014590570755 -0.0833538504484702 -0.0245558524613302 0.0959438131245461 0.136064014949946 0.131970306105572 -0.0648001850278681 0.125777476237854 0.10871072850833
-6.33254402076515 -0.330913835757897 -0.00116257908593604 0.0997487844297521 -0.208624106357212 0.427522661572206 0.132269231775873 0.14105786981692 -0.404108473512389 0.416908156013781 0.151457088480157
-5.46992761477909 0.462839460649088 1.11262246072256 -0.352084321518077 0.665551047599658 0.129841274610785 0.136192330787076 -0.726021261586738 1.10127559302833 0.36304478892026 -0.127736527196367
-5.52546316618408 1.95392144662504 1.39306728208773 -0.158186968013706 0.461058661794516 0.681843311077264 0.830136522012138 -1.07995250535102 1.65238617622163 0.932415900089045 0.0281450106921537
-5.56427786973731 -0.692250212392556 -0.202399876170749 -0.13722708556176 -0.014180301721369 -0.117187149265643 -0.0451961730863365 0.00330941464996306 -0.102992167901815 0.0965523670292206 0.113108008898733
-5.60741104000025 0.527480345452491 0.979879040873868 -0.241444169668653 1.04404136970284 0.463523548408247 0.879213533533894 -1.22020325223777 1.48120594436114 0.394147557987626 0.0887011976484718
-5.65537524093813 -0.79153872502286 0.0741964586016899 -0.130446832944247 -0.0865863383270971 -0.0712272643810777 0.169989600517886 0.0399040825907239 -0.0430432879674754 0.0637426748933231 0.150426108152766
-5.72107045433059 0.354915406425612 0.802035986221858 0.821912006309034 1.40147887973966 0.681156145877046 0.309613323155014 -0.282374568664796 1.48286548058097 0.846921328280491 -0.469668851119429
-6.10320716288851 -0.765015403108819 -0.0440559719126635 -0.0382635024068046 0.106539986072419 0.11057001129655 -0.00614081545755632 0.0187190302884648 0.339677187965776 0.0510040467954578 -0.0132590253460535
-6.04338287889598 -0.746202187724056 -0.0696291018300926 -0.0489247860997152 -0.0403932280978869 -0.136738419244061 -0.089369040547173 0.126003436301974 -0.351220770508883 -0.0294246682312697 -0.140248197127521
-5.88977765093492 -0.727995487521096 -0.0256250024956335 -0.046242564079023 -0.114761213722548 -0.0533724849235832 0.0618352908210211 0.0219651207477145 -0.0792370293045237 -0.0163704161438998 -0.0280872822130324
-5.89823070321612 -0.792749662166796 -0.131822457938046 0.101049843000787 0.00614444418756984 -0.286931484779557 -0.338350460157802 0.219162748737318 -0.363647189302821 0.0522766835916604 -0.0229836145003554
-5.75403977955044 -0.963664503879535 0.257887905842462 0.130009512578012 0.0348005520391622 0.614221300240765 -0.0414766261964303 0.0102768473411686 0.559511635744881 0.122087660511149 0.102079159168605
-5.71781010340285 -1.07073454720346 -0.472619410668368 -0.421197041710822 0.475643992079853 0.139534363997188 -0.472349314504461 -0.51676725264366 0.419566121329811 -0.628954920529598 -0.262773443728065
-5.73786907793563 -0.649408672228156 -0.0408328261696236 -0.132011244764133 0.14096900015555 -0.0132452325473598 -0.00218845741761245 -0.0380686144704868 -0.0389694549524049 0.186167594684147 0.0892838714543473
-5.75189693216681 0.836725008183713 0.795370359390682 -0.354033708125041 0.243600730794461 0.373813116591922 0.897137414304914 -0.527182936645707 0.302191814625453 0.455125556355578 0.0725448220436932
-5.97549080929002 0.558043141349924 0.27042128380689 0.076652450882893 -0.111821089729857 0.350163789029938 0.358754055427136 -0.0413249635530828 -0.166475019768695 0.141796809525996 0.0336250177632297
-5.96715991221025 -0.415673200918402 0.260374474700814 0.359685417157782 0.580389930923506 -0.807439961777327 0.0507255444547934 0.156565469976855 -1.33170703383 0.943600753540705 0.560299487825382
-6.349525594101 -0.300134771720915 0.321854770933336 0.327377043485385 0.229340806567276 -0.416487112345096 -0.272031542234525 0.0795966928383726 -0.293359690170294 -0.0629667051383749 0.212381735413872
-6.37729586570167 -0.0189802660153248 0.599938971994867 -0.262868654734462 0.433301685592749 0.336924504776778 -0.0153445197116722 -0.0752842191459595 -0.0490596947199653 0.800402615275809 0.0932669508272635
-6.42353506102962 -0.522221363713844 -0.0716356579040363 -0.0613394146686441 0.136343950353809 0.246623974268219 0.0796694823684373 -0.259468067846532 0.432203443312824 -0.128279671245946 0.275174894342297
-6.08922644993049 0.397319611456084 0.143254495338064 0.174466477134078 -0.725465051277618 -0.660731608187842 -0.0676490486459018 0.287914286005028 -0.623706630027463 -0.511854868953646 0.571518544606543
-6.00573103116377 -0.559697189870012 -0.0102756791621588 0.111433185367631 -0.073929006664782 -0.264689478366769 0.11675705130128 0.252832488447815 -0.209220795524386 -0.0774529885009616 -0.104596619903053
-5.90653570375367 -0.563046460805867 0.195205591527278 0.267261260541247 0.247719764358172 -0.375073763330432 -0.455918791636632 0.0233101249558455 0.235345579824901 -0.451878414317538 -0.145956679142391
-5.94252239448938 0.06722907535094 0.547125900478421 0.0882033098275961 0.186526525690933 0.308350694600895 0.706616470007789 -0.631811653064656 -0.400365287540938 0.87060806178527 0.351180374308059
-6.23436039698488 -0.60542131905414 0.184745124856449 -0.00561331196374023 -0.145034066778007 -0.22829593281107 0.282549104972923 0.147452760671314 -0.398064941054807 0.0743153869193452 0.0311509390068116
-6.1677173560604 -0.98682360022748 0.0076352936199526 -0.0574851477585794 0.257392201476602 -0.192639071748865 -0.0202797106675686 0.148734418934157 -0.117869060698163 -0.0965642107124031 -0.137917617405249
-6.0541291983702 -0.57686162008304 0.207883920854401 -0.198580156120758 0.0431995856394688 -0.166626341857993 0.0556897592352006 -0.00951409881750982 -0.151730581682794 0.233786135250652 0.0336297707167295
-5.98375871345318 -0.359970266646649 0.0819517849247675 -0.123638393149291 0.289629845144304 0.0479581713138809 -0.189804887773313 0.23170785549272 -0.320348526958829 0.581773551675772 -0.165861727904418
-5.91573500469596 0.129428546756638 0.866408252380372 0.266767059423124 -0.452785115302479 0.23249007190024 0.899692177441645 -0.678279885506977 -0.936070914142492 0.778325899202012 0.270746717688104
-5.93583534636304 1.70209961092521 0.84074261816522 -0.137751422539027 -0.0372856538115095 0.680746372669078 1.01866179032607 -0.435949019984187 -0.356704591676155 1.00740308077825 0.192657510857042
-5.64495146039254 -0.684592900874445 0.233106655877314 0.251397992776535 -0.332743035163919 -0.296855929126346 -0.0385066652806845 0.399687642530727 -0.444011648307669 0.00879947984572381 0.192503425778325
-5.71978777891818 -0.927255525918718 -0.0253930282608549 0.00753242900043365 0.0375374265223986 -0.284360660964487 -0.0164763583452201 0.00424101046272266 -0.386816668831073 -0.129552331809381 -0.131610129825146
-5.76186984925838 0.117596464634705 0.408396684025915 0.0623838713389163 0.16411087378677 0.568648020490031 0.897162495541679 -0.168816152990852 -0.620684057685761 1.05633342810427 0.395923050239376
-5.75493546309762 -0.310403630751732 0.482385782012025 0.228089587146595 -0.495657661878487 -0.356532604396083 0.214494760564347 0.526445521683141 -0.166890443448796 -0.12781464884829 0.0893639269679922
-5.78715614884412 0.421315299352255 0.309064714178403 0.589001544580095 0.882389392652698 0.264282089698914 0.0512700466429893 -0.240705584469582 -1.03360206583708 1.62474893350317 0.836003336026629
-5.79431874770807 -0.0596241599089408 0.270448955668077 -0.226631521532404 -0.329005976493733 0.12381676097792 0.173835407136268 0.1566671382847 -0.109814860547427 -0.0449809278948203 0.0739267024733164
-6.30640929192628 -0.68490223049116 0.00816181266780381 -0.0129464556556174 -0.178738159127154 -0.060746769350563 0.195876565640504 -0.00810361479575134 -0.124277188127135 0.107716535255443 -0.0250603815089276
-6.27498621937246 -0.893910181204201 -0.203340299347949 -0.19777442269758 0.0336790432249059 -0.141971886375665 -0.0904881942803956 0.0842814519073021 -0.21492078723341 0.191806745445892 0.0354854088024746
-6.22361403036043 -0.495457885157668 0.00150336867355235 -0.125730501612158 0.0549630236052027 -0.0440098896191264 -0.15257415885526 -0.0825382991346007 0.0322519328895039 -0.0224575249713782 0.0604227287637939
-6.20078803692133 -0.151055064196657 0.250890748016606 0.330769917680324 0.559765967685636 0.399988960261023 -0.251215713857741 -0.140974871584542 -0.414867666885633 0.0801908836405602 0.438067651112223
-6.22932739775023 -0.696656715888991 0.556644481060187 -0.130340505060716 -0.183300461742352 -0.283090536795824 0.307291291654955 -0.563054468724925 -0.157996730719726 0.968866951528463 -0.596545495002561
-6.08926129586406 -0.915538793056979 -0.38210383237026 0.168040204405939 0.51899924490154 -0.438508723201256 -0.641883599444398 -0.2149322922699 0.0561379949325871 -0.260408630642494 -0.48724040280952
-6.10590482600628 -0.772180700900793 -0.0119236980844624 -0.0963926881187357 -0.11014045358211 -0.0461317278884368 0.0888213660300851 -0.0347034175428418 -0.0366823825405176 0.0879496557133039 0.0946278185661864
-6.11004450021875 0.658542045251418 0.331665119615928 0.0567342301406348 -0.144913627386624 0.37991037039582 0.602545379952206 -0.335245418083182 -0.0817687180639496 0.665265054201125 0.640562831897036
-5.60308646089233 0.00369388369198356 0.221954515520886 -0.333604791861613 -0.302449337447926 -0.192649689088772 -0.116973100670975 0.0184972494945077 -0.672711176274891 -0.197117426136344 0.239921461205628
-5.57560379477212 0.950971827301551 0.194591908594334 0.156691530763701 -0.366998329302876 0.422612961859805 0.687719098312249 0.135879859774173 0.0386721886341968 0.543637495289724 0.215331741145324
-5.66948453155398 -0.590088230550206 -0.224560261395312 0.208143819165943 0.0141198240180361 -0.322220733787743 0.0701340663267879 0.348773370538954 0.0596625151715066 0.353269297750651 -0.198451500968269
-5.61728317875772 0.0218879210039148 0.00269642633661724 0.0413023083514723 -0.0675374034420646 0.518896439174491 0.167905124850519 0.404677898512564 -0.126811870392613 0.573595788002147 0.119295730558654
-5.73523103737082 -0.516494530809888 -0.270534463665266 -0.0946543715364871 -0.00286408088054833 -0.054820684006892 -0.178162972525731 -0.156418157170117 0.383075845552463 0.0199818736239613 -0.208185994035518
-5.68679350787525 -0.685555676032263 0.0487734100884955 -0.11738524937344 0.0269330273419057 0.101609427751744 0.276542698083762 -0.201183472815364 0.187062620413023 0.0999673081505946 0.135272592336455
-5.71397676026391 -0.10059793259966 -0.216706040536216 -0.211617742434316 0.235092871378227 0.134274757841288 -0.13599985269539 -0.350408284206538 -0.0112929064984106 0.0700755326082039 0.12351052366837
-6.27033964836383 -0.344228272594321 0.190717697712918 0.0262431265175186 -0.169585765965849 -0.0262438943456837 0.242593764431678 0.0574390342939476 0.200268548542113 0.247753852396358 0.190319414894292
-6.18340550231928 -0.504645951990634 -0.00598848822653662 0.100804139280381 0.156157914862638 -0.153119573377521 -0.289534737472422 0.222044460244498 -0.174755974877726 -0.214365772043394 -0.188498622908876
-6.1707161011864 0.0138440060547647 -0.148766164759248 0.0516980606439547 0.20635020946351 0.521047012739126 0.22872929662339 0.169002187780604 -0.134252438498452 0.528101418196341 0.00253042681703471
-6.11640120904408 -0.695033147237409 0.104836975225051 0.0805373117337536 -0.0518830219928995 -0.147102659401888 -0.0380111088795522 0.126339203251545 -0.184178244127929 -0.270307835952521 -0.185537354764928
-6.06715623421492 -0.790864939812317 -0.156724033299859 -0.186684561309834 0.104123505450353 -0.331256206664786 0.371786189558897 -0.0335817742674119 0.0609214566624763 -0.346539621783674 -0.309983317774091
-5.06065823782625 -0.708214571227656 -0.196561286949897 0.0308167457857418 0.202881628391203 -0.0203483376346095 -0.128768053453683 -0.114287653578525 0.185222862637071 0.111435485541479 0.0528741399455227
-5.31449918887728 -0.617078840924498 0.0280611579457211 0.115178131802559 -0.0593360175182875 -0.0556825410077319 0.28181018131419 0.101306519278738 -0.208009437709931 0.0298455354748586 0.016804200101534
-5.91694760145247 -0.577309253050204 0.453044803016673 0.101638856121451 -0.194311167279178 -0.169042331447855 1.52992900265815 0.185760575019107 0.0911484465457824 0.388341753343842 -0.00276597878604966
-5.86121764251368 0.195449811371185 -0.0540747834714225 -0.148559433276522 0.0851288545115005 0.495548216077745 0.103056563957117 0.13110986623847 0.0840621986881165 -0.0749844770881373 0.448704813792902
-5.87312593248085 1.76747627630718 0.0993297032468541 0.0607748040173023 -0.323552640664981 0.702514101347492 1.13711348370337 0.235212000458781 -0.0128708448455116 1.00564855398132 0.33324115216893
-5.04629641013914 0.318798971319028 -0.230113861739212 -0.307505200690254 0.125928236645774 0.343582327122356 0.281173533850882 0.0210522710677853 -0.101068146737027 0.895980909447291 0.286260699626836
-5.09822907701493 0.0288233166416078 0.236329851967348 -0.277457501833056 -0.0251382453061997 0.0480991893388982 0.151320445850825 -0.172747865337904 -0.0493227688367086 -0.0447239650800397 0.111175158427801
-5.25487040427216 0.160947477883264 0.0226135090781814 -0.154390931901751 -0.121184399688074 0.154040777747203 0.310748214303277 -0.133962861551981 0.101144361806947 0.191884257688435 -0.17998059825067
-5.27884636286034 -0.562296196888906 0.085184912572189 -0.01025459959176 0.00956836524206519 0.0881232550860723 0.280797013072943 -0.145528727838921 0.0246643849125061 0.228714987393172 0.0269294047606658
-5.34528822665517 -0.485432350088218 0.0707068750436606 0.00802917226821836 -0.0753552342053131 -0.136274519297415 0.0605998361136525 0.199586086050116 -0.152753193211421 0.227418002726632 -0.130322973835705
-5.5976650854994 -0.587651856783347 0.0527464688299401 -0.257346239224002 -0.0609881170034567 0.2088175602298 0.249158816991478 0.0182519663968665 0.104222667654501 0.256464908041369 0.0711859096897952
-5.59292577075062 -1.029430937659 -0.17423566712564 -0.152876133820078 -0.384274180873412 -0.255749528121037 0.153209255511039 0.317414473837733 -0.0494774844421589 -0.0311128301074608 0.305503295837587
-5.72476997964278 -0.847581082462063 -0.160589267081531 0.112451785543898 0.109202040795218 -0.208514175155649 -0.250204733233266 0.278325345427031 0.00629019711667728 -0.121233927857812 -0.121695082802782
-6.00760409169113 -0.556065498620417 0.0582699636507302 0.0520730319772167 -0.250778443632628 -0.266374145999753 0.0248326605098258 0.279228423151388 -0.162057058572829 -0.0356983202477507 -0.0481172255079648
-5.98523399735735 0.158837789800305 -0.0268862250845585 0.0927719539986185 -0.142249801562007 0.197004169001717 0.351830073249557 0.0677661759514324 -0.245384694246939 0.277777358944613 0.215815226979626
-5.93544495926204 -0.144139043806374 -0.306328425549897 -0.244856261557214 -0.15351633243332 0.0159044366496523 0.127617005656175 -0.509211130697044 -0.0302765492969347 0.668154184427559 0.523080428184684
-5.92537348179107 0.839491320513991 0.447803757464389 -0.0069061088145184 0.31341059526909 0.0809251026543258 0.205419457053128 -0.217426293418135 0.19529149537293 0.134227272797407 0.00541057565641973
-5.83375028154437 -0.11500693740296 0.192864360132226 0.0946259053927162 -0.469127845124121 -0.0190397028822633 -0.42840636013109 0.573471606579377 -0.623088845082264 0.0256198404579709 -0.032896527601947
-5.46030867055874 -0.587909656110679 0.0185187392357723 -0.00401685245184057 -0.113346708219884 -0.00714211244133038 -0.0753181882279165 0.0876611356095742 -0.222838986494628 0.17295749410525 0.20766360023562
-5.44747164918207 -0.75535875479648 -0.128018479348015 -0.102466716383305 0.042268847900788 -0.121547325308751 0.207296719747792 -0.0974794752250565 0.0393948460369694 0.196987142898164 -0.031312801826629
-5.4495145123542 -0.456361522760578 0.0742037929187059 -0.0704270720036799 -0.0390786759172944 -0.128967180672604 0.196430960803676 -0.0272098691642011 -0.296720604678597 0.0786390961902379 -0.0300473245751736
-5.63261959933156 -0.261720713030884 0.000891559106073333 -0.174833214738762 -0.111948865028797 -0.0211762209132868 -0.0970357284602791 -0.169533131341327 -0.0485650355822329 0.385346740306879 -0.0672993910375896
-5.7077404973037 0.265166289089707 0.519722241699981 -0.174471121495016 0.346355541539519 0.033608859244768 0.50501520698302 0.0708027926162956 0.233376023248751 0.0806559939794542 0.191855432432193
-5.6034443199656 -0.0938625825602618 -0.185706373189933 -0.0026343483280988 -0.168485545353158 -0.00355642685761313 0.19240446801807 0.231840662131718 -0.211634478587092 0.0135036804642928 -0.205051664013303
-5.5939052745918 -0.63717830747087 -0.115213152891982 -0.099618998940202 0.113390737479278 -0.125019649613204 -0.108599589479571 -0.0995741728379346 -0.249008204523153 0.0275062427889647 -0.123953274646111
-5.92116005617002 -0.464243047381453 0.0194026526275871 -0.0200362265905831 0.0389261522655447 0.0332309366309933 0.206548642736879 -0.289806639276211 0.0139337098527543 0.475841091054941 -0.00645130898027293
-5.79148612757716 2.73144558607416 0.923877138117753 -0.229118726792514 -0.060637818333339 0.223094989384394 1.22713944082114 -0.120299557145056 0.566205159767963 0.417940482063895 -0.165553419895301
-5.73223071579907 -0.467885127235322 -0.118082916540275 -0.0119080368263405 0.0196585277088146 -0.0605823080691418 0.0532826640721542 -0.0428071238050254 -0.081787884859703 -0.0615196276832296 -0.280913466276336
-5.70253864852874 -1.02097124782002 -0.186860224760423 -0.137245325892719 0.35609216026108 0.1507441897433 0.667251072425425 -1.03949322712929 0.415989572998941 0.22847460258872 0.386035104820083
-5.70041325685024 0.478189703874535 0.316934513384579 0.022275423513423 0.0824295127461534 0.156117354141077 0.231202329266508 0.327502180165376 0.37544982620185 -0.553125720583904 -0.114504142026881
-5.66546842239572 -0.155623378139504 0.0602033515248197 0.0333922201464746 -0.0672090506863471 -0.133183320405916 0.317331994166954 0.0112479489283825 -0.382733266319279 0.175700201705663 -0.122433847869141
-5.95178470859965 -0.897929632538681 -0.450116929556964 -0.672899182307438 0.518987960644894 -0.627061800081626 0.390805276655975 -0.540682898914143 -0.0489532605286004 0.24566604510452 -0.3883301460291
-5.95859898521778 -0.506836073778912 0.0335423796255727 -0.0150416074988373 -0.0398537267151203 -0.140334082499848 0.052606784262534 -0.048268082357774 -0.14385080532732 0.0585613358367954 0.126818040461455
-5.94417379220529 -0.946584432998408 -0.159145418319937 0.0890555653688306 0.108496170422331 -0.187134765917077 -0.114001813276156 0.0839893540713721 -0.166672674938694 -0.172073498937533 -0.38129316276522
-5.93244837108841 -0.723426929419325 -0.102690865852902 -0.00779583104184927 0.118911657219845 -0.0830026522400359 0.0470769048945929 -0.0899760646601976 -0.378320689634931 -0.0582094561511193 -0.262858995567722
-5.76566532521053 -1.16296893651265 -0.218877836070565 0.172762099795059 -0.153973670704647 -0.217287115781943 -0.152960730609604 -0.300549681479066 -0.40237844723378 -0.14410489440669 -0.363367500196203
-5.77334447235047 -0.864588829223586 -0.428296963034037 0.249860504654644 -0.0964391389180092 -0.40048047074989 -0.396090243458863 0.0287494875253937 -0.215576965382662 -0.043187252326266 -0.272654359389311
-5.75931051239949 -0.376987808207266 0.256741487063384 0.0799898245626264 -0.19273907783255 -0.16903398386193 0.115882100298472 0.237658904659974 -0.235219275849434 0.0530587926424706 0.0826922938621838
